6.921875000000000000e+01
1.138789062500000000e+02
6.921875000000000000e+01
1.357539062500000000e+02
7.015625000000000000e+01
1.562617187500000000e+02
7.390625000000000000e+01
1.781367187500000000e+02
8.328125000000000000e+01
1.945429687500000000e+02
9.546875000000000000e+01
2.027460937500000000e+02
1.095312500000000000e+02
2.082148437500000000e+02
1.235937500000000000e+02
2.095820312500000000e+02
1.376562500000000000e+02
2.095820312500000000e+02
1.498437500000000000e+02
2.068476562500000000e+02
1.610937500000000000e+02
2.000117187500000000e+02
1.695312500000000000e+02
1.890742187500000000e+02
1.779687500000000000e+02
1.754023437500000000e+02
1.817187500000000000e+02
1.589960937500000000e+02
1.817187500000000000e+02
1.398554687500000000e+02
1.817187500000000000e+02
1.220820312500000000e+02
1.817187500000000000e+02
1.070429687500000000e+02
7.765625000000000000e+01
1.029414062500000000e+02
8.609375000000000000e+01
9.405468750000000000e+01
9.640625000000000000e+01
9.200390625000000000e+01
1.071875000000000000e+02
9.268750000000000000e+01
1.175000000000000000e+02
9.542187500000000000e+01
1.428125000000000000e+02
9.268750000000000000e+01
1.521875000000000000e+02
9.063671875000000000e+01
1.615625000000000000e+02
8.995312500000000000e+01
1.704687500000000000e+02
8.995312500000000000e+01
1.789062500000000000e+02
9.747265625000000000e+01
1.329687500000000000e+02
1.084101562500000000e+02
1.339062500000000000e+02
1.193476562500000000e+02
1.348437500000000000e+02
1.302851562500000000e+02
1.357812500000000000e+02
1.412226562500000000e+02
1.189062500000000000e+02
1.439570312500000000e+02
1.273437500000000000e+02
1.494257812500000000e+02
1.357812500000000000e+02
1.521601562500000000e+02
1.432812500000000000e+02
1.466914062500000000e+02
1.498437500000000000e+02
1.439570312500000000e+02
8.609375000000000000e+01
1.125117187500000000e+02
9.078125000000000000e+01
1.070429687500000000e+02
1.067187500000000000e+02
1.056757812500000000e+02
1.123437500000000000e+02
1.125117187500000000e+02
1.057812500000000000e+02
1.152460937500000000e+02
9.078125000000000000e+01
1.152460937500000000e+02
1.470312500000000000e+02
1.097773437500000000e+02
1.517187500000000000e+02
1.029414062500000000e+02
1.667187500000000000e+02
1.029414062500000000e+02
1.723437500000000000e+02
1.084101562500000000e+02
1.667187500000000000e+02
1.125117187500000000e+02
1.535937500000000000e+02
1.125117187500000000e+02
1.029687500000000000e+02
1.671992187500000000e+02
1.170312500000000000e+02
1.630976562500000000e+02
1.320312500000000000e+02
1.630976562500000000e+02
1.357812500000000000e+02
1.630976562500000000e+02
1.404687500000000000e+02
1.617304687500000000e+02
1.517187500000000000e+02
1.603632812500000000e+02
1.629687500000000000e+02
1.630976562500000000e+02
1.564062500000000000e+02
1.726679687500000000e+02
1.470312500000000000e+02
1.781367187500000000e+02
1.367187500000000000e+02
1.808710937500000000e+02
1.254687500000000000e+02
1.795039062500000000e+02
1.142187500000000000e+02
1.754023437500000000e+02
1.048437500000000000e+02
1.671992187500000000e+02
1.198437500000000000e+02
1.685664062500000000e+02
1.357812500000000000e+02
1.685664062500000000e+02
1.498437500000000000e+02
1.658320312500000000e+02
1.620312500000000000e+02
1.644648437500000000e+02
1.498437500000000000e+02
1.671992187500000000e+02
1.367187500000000000e+02
1.685664062500000000e+02
1.198437500000000000e+02
1.699335937500000000e+02
